01010100010010010100110101000101 00110001001101100011001100110101001100000011000100110010001101010011001100110100
0100100101000100 0011011100110001001100000011001100110001
01010010010000110101111101000011010100100100010101000001010101000100010101000100010111110100000101010100 001100100011000000110010001100011100000000110001001100001100000000110010001100100111010000110001001101110011101000110000001100000011101000110001001100000110000000110001001100110011010100110100001100010011001101111010
01010010010000110101111101010101010100000100010001000001010101000100010101000100010111110100000101010100 001100100011000000110010001100011100000000110001001100001100000000110010001100110111010000110001001110000011101000110000001110000011101000110011001101100110000000110101001100010011011000110011001110010011100101111010
010011100101010101001101010111110101010001001100 0011011100110001001100000011001100110001
01001110010000010100110101000101 010011100100010101010010010011110101010001000101010110001110000000110001
01001001010100110101111101000101010011100100000101000010010011000100010101000100 01110100010100100101010101000101
01001001010100110101111101000001010011000100000101010010010011010100010101000100 01110100010100100101010101000101
01010100010110010101000001000101 011100110111100101101110011101000110010101111010
0101000001010010010011110101010001001111010000110100111101001100 0111001101100011011101000110100101110000
0100001101001111010011100100111001011111010100110101010001000001010101000101010101010011 0110111101101011
01001101010011110100010001000101 0110001101100011010111110110100101101101010111110110010101111000011101000110010101110010011011100110000101101100
01010000010100100100111101000111010100100100000101001101010111110100100101000100 00110000
01001011010001010100010101010000010111110101000001001000010000010101001101000101010111110100100101000100 00110000
010000110100100001000001010011100100011101000101010001000101111101010100010010010100110101000101010111110100000101010100 001100100011000000110010001100011100000000110001001100001100000000110010001100110111010000110001001101100011101000110101001100000011101000110001001101010110000000111000001100110011011100110101001101100011100101111010
010100100100010101000001010011000101111101001101010011110100010001000101 0110001101100011010111110110100101101101010111110110010101111000011101000110010101110010011011100110000101101100
010100100100010101000001010011000101111101010000010100100100111101000111010100100100000101001101010111110100100101000100 00110011
010100100100010101000001010011000101111101001011010001010100010101010000010111110101000001001000010000010101001101000101010111110100100101000100 00110000
010100000101001001001111010001110101001001000001010011010101111101000011010100100100010101000001010101000100010101000100010111110100000101010100 001100100011000000110010001100011100000000110001001100001100000000110010001100100111010000110001001101100011101000110101001100100011101000110100001101100110000000110000001110010011010000110110001100100011100001111010
010100000101001001001111010001110101001001000001010011010101111101010101010100000100010001000001010101000100010101000100010111110100000101010100 001100100011000000110010001100011100000000110001001100001100000000110010001100100111010000110001001101100011101000110101001100100011101000110100001101100110000000110000001110010011010000110110001100100011100001111010
01010100010111110100001101011001010000110100110001000101 001100010011001000110000
010100000101001001001111010001110101001001000001010011010101111101010100010110010101000001000101 01110101011011100110101101101110011011110111011101101110
0101001101010100010000010101001001010100010111110101000001001000010000010101001101000101010111110100100101000100 00110001
